0 122.000000 580.000000 -0.000000
1 276.000000 272.000000 -180.000000
2 1354.000000 349.000000 -180.000000
3 892.000000 657.000000 -0.000000
4 1046.000000 426.000000 -180.000000
6 1277.000000 503.000000 -0.000000
7 507.000000 349.000000 -90.000000
8 1354.000000 272.000000 -270.000000
9 45.000000 41.000000 -90.000000
10 1585.000000 118.000000 -180.000000
11 1123.000000 657.000000 -180.000000
12 122.000000 195.000000 -90.000000
14 507.000000 503.000000 -270.000000
15 584.000000 580.000000 -180.000000
17 1123.000000 734.000000 -270.000000
19 892.000000 195.000000 -90.000000
21 1585.000000 657.000000 -270.000000
22 1277.000000 734.000000 -0.000000
23 353.000000 426.000000 -0.000000
24 892.000000 734.000000 -270.000000
25 122.000000 41.000000 -180.000000
26 892.000000 272.000000 -270.000000
27 430.000000 580.000000 -90.000000
28 430.000000 272.000000 -0.000000
32 892.000000 41.000000 -0.000000
33 1508.000000 41.000000 -0.000000
34 815.000000 41.000000 -180.000000
36 1123.000000 195.000000 -0.000000
40 738.000000 195.000000 -270.000000
42 1508.000000 272.000000 -90.000000
44 1585.000000 734.000000 -90.000000
45 738.000000 734.000000 -0.000000
47 1354.000000 580.000000 -0.000000
48 507.000000 657.000000 -90.000000
49 430.000000 503.000000 -90.000000
50 276.000000 426.000000 -90.000000
51 584.000000 272.000000 -90.000000
54 1508.000000 349.000000 -90.000000
55 1508.000000 195.000000 -180.000000
57 815.000000 503.000000 -90.000000
58 507.000000 41.000000 -90.000000
59 1200.000000 272.000000 -90.000000
60 1354.000000 41.000000 -0.000000
63 815.000000 195.000000 -270.000000
64 1277.000000 349.000000 -90.000000
65 122.000000 657.000000 -90.000000
67 122.000000 734.000000 -0.000000
69 815.000000 426.000000 -90.000000
70 122.000000 503.000000 -0.000000
71 1585.000000 503.000000 -0.000000
72 353.000000 118.000000 -90.000000
73 738.000000 349.000000 -270.000000
74 969.000000 580.000000 -90.000000
75 122.000000 272.000000 -0.000000
76 1354.000000 195.000000 -180.000000
77 45.000000 503.000000 -180.000000
78 199.000000 118.000000 -180.000000
79 1046.000000 349.000000 -90.000000
82 1046.000000 580.000000 -0.000000
83 969.000000 349.000000 -180.000000
85 199.000000 41.000000 -90.000000
86 353.000000 503.000000 -0.000000
87 815.000000 580.000000 -0.000000
88 584.000000 41.000000 -90.000000
89 45.000000 426.000000 -90.000000
90 661.000000 503.000000 -180.000000
91 353.000000 349.000000 -180.000000
92 815.000000 657.000000 -270.000000
93 276.000000 657.000000 -0.000000
94 1662.000000 580.000000 -180.000000
95 276.000000 580.000000 -270.000000
96 353.000000 272.000000 -270.000000
97 122.000000 349.000000 -0.000000
98 661.000000 426.000000 -0.000000
99 1046.000000 41.000000 -0.000000
101 1585.000000 349.000000 -90.000000
102 892.000000 349.000000 -180.000000
103 969.000000 503.000000 -90.000000
104 199.000000 734.000000 -270.000000
105 1046.000000 272.000000 -90.000000
106 1585.000000 272.000000 -90.000000
107 969.000000 426.000000 -90.000000
108 353.000000 41.000000 -270.000000
109 1200.000000 734.000000 -180.000000
110 1585.000000 580.000000 -90.000000
111 1354.000000 503.000000 -0.000000
112 1508.000000 734.000000 -0.000000
113 1431.000000 426.000000 -90.000000
114 661.000000 41.000000 -90.000000
115 815.000000 118.000000 -270.000000
116 45.000000 118.000000 -270.000000
117 584.000000 734.000000 -270.000000
118 430.000000 426.000000 -270.000000
119 1123.000000 118.000000 -270.000000
120 1123.000000 503.000000 -180.000000
123 1277.000000 426.000000 -90.000000
124 815.000000 349.000000 -270.000000
125 1662.000000 503.000000 -90.000000
126 430.000000 734.000000 -180.000000
127 1277.000000 118.000000 -180.000000
128 584.000000 118.000000 -270.000000
129 430.000000 195.000000 -180.000000
130 1354.000000 426.000000 -90.000000
132 1662.000000 118.000000 -90.000000
133 661.000000 657.000000 -180.000000
134 969.000000 734.000000 -180.000000
135 1508.000000 118.000000 -90.000000
136 1662.000000 41.000000 -270.000000
138 1662.000000 657.000000 -90.000000
139 353.000000 657.000000 -270.000000
140 507.000000 580.000000 -0.000000
141 1431.000000 349.000000 -90.000000
142 1431.000000 41.000000 -180.000000
143 584.000000 349.000000 -270.000000
144 1046.000000 195.000000 -0.000000
145 1354.000000 118.000000 -180.000000
146 661.000000 272.000000 -270.000000
147 738.000000 272.000000 -180.000000
148 430.000000 41.000000 -180.000000
149 969.000000 195.000000 -0.000000
151 1277.000000 272.000000 -270.000000
152 199.000000 195.000000 -180.000000
153 892.000000 503.000000 -0.000000
154 584.000000 503.000000 -180.000000
155 1508.000000 503.000000 -0.000000
156 1508.000000 426.000000 -180.000000
157 1046.000000 657.000000 -270.000000
158 1431.000000 118.000000 -0.000000
159 45.000000 195.000000 -180.000000
160 1431.000000 734.000000 -270.000000
161 276.000000 118.000000 -90.000000
162 1354.000000 657.000000 -180.000000
163 507.000000 195.000000 -270.000000
165 199.000000 657.000000 -0.000000
166 353.000000 195.000000 -180.000000
167 584.000000 195.000000 -0.000000
168 661.000000 734.000000 -90.000000
169 1585.000000 41.000000 -270.000000
170 738.000000 118.000000 -0.000000
171 276.000000 734.000000 -0.000000
172 507.000000 734.000000 -0.000000
173 1200.000000 349.000000 -180.000000
174 430.000000 349.000000 -0.000000
175 507.000000 118.000000 -90.000000
177 1200.000000 657.000000 -0.000000
179 892.000000 118.000000 -90.000000
180 738.000000 503.000000 -0.000000
181 1662.000000 426.000000 -0.000000
183 430.000000 657.000000 -270.000000
186 276.000000 195.000000 -90.000000
187 276.000000 349.000000 -0.000000
188 1200.000000 503.000000 -270.000000
189 276.000000 41.000000 -270.000000
190 661.000000 580.000000 -270.000000
191 122.000000 426.000000 -0.000000
192 969.000000 118.000000 -0.000000
194 45.000000 657.000000 -90.000000
196 1046.000000 118.000000 -90.000000
197 353.000000 734.000000 -90.000000
200 1200.000000 580.000000 -270.000000
201 199.000000 349.000000 -90.000000
202 661.000000 349.000000 -0.000000
203 1585.000000 195.000000 -180.000000
204 584.000000 426.000000 -0.000000
205 969.000000 41.000000 -90.000000
206 1123.000000 272.000000 -90.000000
207 892.000000 580.000000 -0.000000
209 1277.000000 657.000000 -180.000000
210 199.000000 272.000000 -180.000000
211 738.000000 580.000000 -270.000000
213 353.000000 580.000000 -0.000000
214 1431.000000 195.000000 -0.000000
215 122.000000 118.000000 -180.000000
216 199.000000 426.000000 -0.000000
217 1431.000000 657.000000 -90.000000
218 815.000000 272.000000 -90.000000
