0 65
0 70
1 96
1 186
1 187
1 210
2 8
2 64
2 130
2 141
3 24
3 92
3 207
4 79
4 107
6 111
6 123
6 188
7 143
7 174
8 2
8 76
8 151
9 25
9 116
10 132
10 135
10 169
10 203
11 17
11 157
11 177
12 75
12 152
12 159
12 215
14 49
14 140
14 154
15 140
15 154
15 190
17 11
17 109
19 26
19 63
19 149
19 179
21 44
21 110
21 138
22 109
22 209
23 50
23 86
23 91
23 118
24 3
24 134
25 9
25 85
25 215
26 19
26 102
26 218
27 49
27 140
27 183
27 213
28 96
28 129
28 174
32 34
32 179
32 205
33 135
33 142
33 169
34 32
34 115
36 119
36 144
36 206
40 63
40 147
40 170
42 54
42 55
42 106
44 21
44 112
45 168
47 111
47 162
48 140
48 172
48 183
49 14
49 27
49 86
49 118
50 23
50 187
50 216
51 143
51 146
51 167
54 42
54 101
54 141
54 156
55 42
55 135
55 203
55 214
57 69
57 87
57 153
57 180
58 88
58 148
58 175
59 151
59 173
59 206
60 142
60 145
63 19
63 40
63 115
63 218
64 2
64 123
64 151
64 173
65 0
65 67
65 165
65 194
67 65
67 104
69 57
69 124
70 0
70 77
70 191
71 110
71 125
71 155
72 108
72 161
72 166
73 124
73 147
73 202
74 82
74 103
74 207
75 12
75 97
75 210
76 8
76 145
76 214
77 70
77 89
78 85
78 152
78 161
78 215
79 4
79 83
79 105
82 74
82 157
83 79
83 102
83 107
85 25
85 78
85 189
86 23
86 49
86 213
87 57
87 92
87 207
87 211
88 58
88 114
88 128
89 77
89 191
90 98
90 154
90 180
90 190
91 23
91 96
91 174
91 187
92 3
92 87
93 95
93 139
93 165
93 171
94 110
94 125
94 138
95 93
95 213
96 1
96 28
96 91
96 166
97 75
97 191
97 201
98 90
98 202
98 204
99 196
99 205
101 54
101 106
102 26
102 83
102 124
103 74
103 107
103 153
104 67
104 165
104 171
105 79
105 144
105 206
106 42
106 101
106 203
107 4
107 83
107 103
108 72
108 148
108 189
109 17
109 22
109 177
110 21
110 71
110 94
111 6
111 47
111 130
112 44
112 160
113 130
113 141
113 156
114 88
115 34
115 63
115 170
115 179
116 9
116 159
116 215
117 168
117 172
118 23
118 49
118 174
119 36
119 196
120 188
123 6
123 64
123 130
124 69
124 73
124 102
124 218
125 71
125 94
125 181
126 172
126 183
126 197
127 145
128 88
128 167
128 175
129 28
129 163
129 166
130 2
130 111
130 113
130 123
132 10
132 136
133 168
133 190
134 24
135 10
135 33
135 55
135 158
136 132
136 169
138 21
138 94
139 93
139 183
139 197
139 213
140 14
140 15
140 27
140 48
141 2
141 54
141 113
142 33
142 60
142 158
143 7
143 51
143 202
143 204
144 36
144 105
144 149
144 196
145 60
145 76
145 127
145 158
146 51
146 147
146 202
147 40
147 73
147 146
147 218
148 58
148 108
149 19
149 144
149 192
151 8
151 59
151 64
152 12
152 78
152 186
152 210
153 57
153 103
153 207
154 14
154 15
154 90
154 204
155 71
155 156
156 54
156 113
156 155
157 11
157 82
158 135
158 142
158 145
158 214
159 12
159 116
160 112
160 217
161 72
161 78
161 186
161 189
162 47
162 209
162 217
163 129
163 167
163 175
165 65
165 93
165 104
166 72
166 96
166 129
166 186
167 51
167 128
167 163
168 45
168 117
168 133
169 10
169 33
169 136
170 40
170 115
171 93
171 104
171 197
172 48
172 117
172 126
173 59
173 64
174 7
174 28
174 91
174 118
175 58
175 128
175 163
177 11
177 109
177 200
177 209
179 19
179 32
179 115
179 192
180 57
180 90
180 211
181 125
183 27
183 48
183 126
183 139
186 1
186 152
186 161
186 166
187 1
187 50
187 91
187 201
188 6
188 120
188 200
189 85
189 108
189 161
190 15
190 90
190 133
190 211
191 70
191 89
191 97
191 216
192 149
192 179
192 196
192 205
194 65
196 99
196 119
196 144
196 192
197 126
197 139
197 171
200 177
200 188
201 97
201 187
201 210
201 216
202 73
202 98
202 143
202 146
203 10
203 55
203 106
204 98
204 143
204 154
205 32
205 99
205 192
206 36
206 59
206 105
207 3
207 74
207 87
207 153
209 22
209 162
209 177
210 1
210 75
210 152
210 201
211 87
211 180
211 190
213 27
213 86
213 95
213 139
214 55
214 76
214 158
215 12
215 25
215 78
215 116
216 50
216 191
216 201
217 160
217 162
218 26
218 63
218 124
218 147
