220
45.000000 41.000000
122.000000 41.000000
199.000000 41.000000
276.000000 41.000000
353.000000 41.000000
430.000000 41.000000
507.000000 41.000000
584.000000 41.000000
661.000000 41.000000
738.000000 41.000000
815.000000 41.000000
892.000000 41.000000
969.000000 41.000000
1046.000000 41.000000
1123.000000 41.000000
1200.000000 41.000000
1277.000000 41.000000
1354.000000 41.000000
1431.000000 41.000000
1508.000000 41.000000
1585.000000 41.000000
1662.000000 41.000000
45.000000 118.000000
122.000000 118.000000
199.000000 118.000000
276.000000 118.000000
353.000000 118.000000
430.000000 118.000000
507.000000 118.000000
584.000000 118.000000
661.000000 118.000000
738.000000 118.000000
815.000000 118.000000
892.000000 118.000000
969.000000 118.000000
1046.000000 118.000000
1123.000000 118.000000
1200.000000 118.000000
1277.000000 118.000000
1354.000000 118.000000
1431.000000 118.000000
1508.000000 118.000000
1585.000000 118.000000
1662.000000 118.000000
45.000000 195.000000
122.000000 195.000000
199.000000 195.000000
276.000000 195.000000
353.000000 195.000000
430.000000 195.000000
507.000000 195.000000
584.000000 195.000000
661.000000 195.000000
738.000000 195.000000
815.000000 195.000000
892.000000 195.000000
969.000000 195.000000
1046.000000 195.000000
1123.000000 195.000000
1200.000000 195.000000
1277.000000 195.000000
1354.000000 195.000000
1431.000000 195.000000
1508.000000 195.000000
1585.000000 195.000000
1662.000000 195.000000
45.000000 272.000000
122.000000 272.000000
199.000000 272.000000
276.000000 272.000000
353.000000 272.000000
430.000000 272.000000
507.000000 272.000000
584.000000 272.000000
661.000000 272.000000
738.000000 272.000000
815.000000 272.000000
892.000000 272.000000
969.000000 272.000000
1046.000000 272.000000
1123.000000 272.000000
1200.000000 272.000000
1277.000000 272.000000
1354.000000 272.000000
1431.000000 272.000000
1508.000000 272.000000
1585.000000 272.000000
1662.000000 272.000000
45.000000 349.000000
122.000000 349.000000
199.000000 349.000000
276.000000 349.000000
353.000000 349.000000
430.000000 349.000000
507.000000 349.000000
584.000000 349.000000
661.000000 349.000000
738.000000 349.000000
815.000000 349.000000
892.000000 349.000000
969.000000 349.000000
1046.000000 349.000000
1123.000000 349.000000
1200.000000 349.000000
1277.000000 349.000000
1354.000000 349.000000
1431.000000 349.000000
1508.000000 349.000000
1585.000000 349.000000
1662.000000 349.000000
45.000000 426.000000
122.000000 426.000000
199.000000 426.000000
276.000000 426.000000
353.000000 426.000000
430.000000 426.000000
507.000000 426.000000
584.000000 426.000000
661.000000 426.000000
738.000000 426.000000
815.000000 426.000000
892.000000 426.000000
969.000000 426.000000
1046.000000 426.000000
1123.000000 426.000000
1200.000000 426.000000
1277.000000 426.000000
1354.000000 426.000000
1431.000000 426.000000
1508.000000 426.000000
1585.000000 426.000000
1662.000000 426.000000
45.000000 503.000000
122.000000 503.000000
199.000000 503.000000
276.000000 503.000000
353.000000 503.000000
430.000000 503.000000
507.000000 503.000000
584.000000 503.000000
661.000000 503.000000
738.000000 503.000000
815.000000 503.000000
892.000000 503.000000
969.000000 503.000000
1046.000000 503.000000
1123.000000 503.000000
1200.000000 503.000000
1277.000000 503.000000
1354.000000 503.000000
1431.000000 503.000000
1508.000000 503.000000
1585.000000 503.000000
1662.000000 503.000000
45.000000 580.000000
122.000000 580.000000
199.000000 580.000000
276.000000 580.000000
353.000000 580.000000
430.000000 580.000000
507.000000 580.000000
584.000000 580.000000
661.000000 580.000000
738.000000 580.000000
815.000000 580.000000
892.000000 580.000000
969.000000 580.000000
1046.000000 580.000000
1123.000000 580.000000
1200.000000 580.000000
1277.000000 580.000000
1354.000000 580.000000
1431.000000 580.000000
1508.000000 580.000000
1585.000000 580.000000
1662.000000 580.000000
45.000000 657.000000
122.000000 657.000000
199.000000 657.000000
276.000000 657.000000
353.000000 657.000000
430.000000 657.000000
507.000000 657.000000
584.000000 657.000000
661.000000 657.000000
738.000000 657.000000
815.000000 657.000000
892.000000 657.000000
969.000000 657.000000
1046.000000 657.000000
1123.000000 657.000000
1200.000000 657.000000
1277.000000 657.000000
1354.000000 657.000000
1431.000000 657.000000
1508.000000 657.000000
1585.000000 657.000000
1662.000000 657.000000
45.000000 734.000000
122.000000 734.000000
199.000000 734.000000
276.000000 734.000000
353.000000 734.000000
430.000000 734.000000
507.000000 734.000000
584.000000 734.000000
661.000000 734.000000
738.000000 734.000000
815.000000 734.000000
892.000000 734.000000
969.000000 734.000000
1046.000000 734.000000
1123.000000 734.000000
1200.000000 734.000000
1277.000000 734.000000
1354.000000 734.000000
1431.000000 734.000000
1508.000000 734.000000
1585.000000 734.000000
1662.000000 734.000000
4
-0.000000
-90.000000
-180.000000
-270.000000
