0 1
0 11
0 43
0 56
0 62
0 232
1 0
1 7
1 11
1 18
1 62
2 23
2 34
2 116
2 139
2 211
2 228
3 55
3 58
3 127
3 136
3 174
3 189
3 243
4 5
4 13
4 27
4 71
4 106
4 113
4 171
4 183
5 4
5 9
5 13
5 27
5 76
5 83
5 130
6 36
6 38
6 40
6 66
6 133
6 194
6 292
7 1
7 29
7 62
7 128
7 152
8 10
8 29
8 44
8 72
8 77
8 110
8 198
9 5
9 21
9 27
9 41
9 52
9 76
10 8
10 36
10 54
10 77
10 112
10 255
11 0
11 1
11 16
11 18
11 33
11 47
11 56
11 74
11 125
12 15
12 39
12 91
12 98
12 103
12 137
12 181
12 202
12 266
13 4
13 5
13 24
13 83
13 154
13 162
13 171
14 35
14 54
14 81
14 88
14 100
14 101
15 12
15 39
15 85
15 103
16 11
16 18
16 19
16 74
16 119
17 20
17 37
17 59
17 89
17 108
17 148
17 156
18 1
18 11
18 16
19 16
19 51
19 123
19 159
19 161
19 167
20 17
20 32
20 37
20 120
20 138
21 9
21 52
21 68
21 76
21 141
21 149
22 73
22 84
22 273
22 281
23 2
23 34
23 51
23 91
23 96
23 103
24 13
24 67
24 83
24 154
25 28
25 33
25 50
25 69
25 75
25 125
25 210
26 38
26 40
26 146
26 270
27 4
27 5
27 9
27 41
27 71
27 160
27 208
28 25
28 33
28 97
28 147
28 210
29 7
29 8
29 72
29 152
30 32
30 42
30 57
30 94
30 218
31 46
31 114
31 118
31 226
31 235
32 20
32 30
32 37
32 57
32 120
32 218
33 11
33 25
33 28
33 47
33 125
33 147
33 203
34 2
34 23
34 74
34 96
34 139
34 248
35 14
35 53
35 79
35 102
35 239
36 6
36 10
36 54
36 77
36 292
37 17
37 20
37 32
37 148
37 218
38 6
38 26
38 40
38 66
39 12
39 15
39 67
39 85
39 175
39 266
39 310
40 6
40 26
40 38
40 146
40 190
40 265
41 9
41 27
41 52
41 70
41 126
41 208
42 30
42 80
42 94
42 212
43 0
43 105
43 109
43 129
43 220
43 232
44 8
44 72
44 110
44 140
44 150
44 178
44 283
45 48
45 55
45 59
45 87
45 166
45 225
46 31
46 50
46 64
46 80
46 92
46 114
46 118
46 121
47 11
47 33
47 56
47 99
47 203
47 233
48 45
48 87
49 86
49 139
49 168
49 173
49 187
49 223
49 259
50 25
50 46
50 75
50 114
50 121
50 210
51 19
51 23
51 91
51 96
51 137
51 167
52 9
52 21
52 41
52 68
52 70
52 142
52 288
52 298
53 35
53 79
53 157
53 209
53 247
53 269
54 10
54 14
54 36
54 88
54 101
54 112
55 3
55 45
55 127
55 136
55 227
55 261
56 0
56 11
56 47
56 232
56 233
57 30
57 32
57 94
57 120
57 231
57 254
57 286
58 3
58 127
58 291
59 17
59 45
59 89
59 108
59 166
59 225
60 65
60 98
60 111
60 165
60 216
61 82
61 115
61 135
61 180
61 191
62 0
62 1
62 7
62 128
62 182
63 64
63 78
63 86
63 122
63 134
63 246
63 272
64 46
64 63
64 78
64 80
64 92
64 272
65 60
65 144
65 163
65 165
66 6
66 38
67 24
67 39
67 175
67 310
68 21
68 52
68 149
68 307
69 25
69 75
69 125
69 248
70 41
70 52
70 126
70 142
70 177
71 4
71 27
71 113
71 115
71 250
72 8
72 29
72 44
72 128
72 283
73 22
73 90
73 230
73 277
73 281
74 11
74 16
74 34
74 96
74 119
74 125
75 25
75 50
75 69
75 204
76 5
76 9
76 21
76 130
76 141
77 8
77 10
77 36
77 194
77 198
78 63
78 64
78 86
78 92
78 131
78 173
78 195
79 35
79 53
79 95
79 247
80 42
80 46
80 64
80 118
80 293
81 14
81 84
81 100
82 61
82 199
83 5
83 13
83 24
84 22
84 81
84 100
85 15
85 39
85 175
86 49
86 63
86 78
86 122
86 164
86 173
86 223
87 45
87 48
87 126
87 166
87 237
88 14
88 54
88 100
88 197
89 17
89 59
89 132
89 148
89 155
89 225
89 299
90 73
90 117
90 184
90 224
90 230
90 262
90 277
90 284
91 12
91 23
91 51
91 103
91 137
92 46
92 64
92 78
92 121
92 195
93 142
93 170
93 177
93 179
94 30
94 42
94 57
95 79
95 267
95 274
95 284
96 23
96 34
96 51
96 74
96 119
97 28
97 147
97 176
97 210
98 12
98 60
98 111
98 137
98 202
98 216
98 280
99 47
99 200
99 203
99 233
99 240
99 282
99 290
100 14
100 81
100 84
100 88
100 197
101 14
101 54
101 102
101 112
101 260
102 35
102 101
102 239
102 260
102 289
102 313
103 12
103 15
103 23
103 91
104 132
104 245
104 264
105 43
105 200
105 217
105 220
105 263
106 4
106 113
106 135
106 188
107 123
107 161
107 196
107 219
107 221
108 17
108 59
108 156
108 166
108 252
108 311
109 43
109 129
109 140
109 178
109 192
110 8
110 44
110 198
110 265
110 309
111 60
111 98
111 159
111 165
111 167
111 280
112 10
112 54
112 101
113 4
113 71
113 106
114 31
114 46
114 50
114 210
114 226
114 306
115 61
115 71
115 244
115 250
115 305
116 2
116 172
116 228
117 90
117 151
117 157
117 184
117 213
117 224
117 247
118 31
118 46
118 80
118 212
119 16
119 74
119 96
120 20
120 32
120 57
120 138
120 271
120 286
121 46
121 50
121 92
121 204
122 63
122 86
122 145
122 164
123 19
123 107
123 153
123 159
123 161
123 163
123 165
124 151
124 169
124 193
124 213
124 258
125 11
125 25
125 33
125 69
125 74
126 41
126 70
126 87
126 208
126 237
126 257
127 3
127 55
127 58
127 155
127 261
127 291
128 7
128 62
128 72
129 43
129 109
129 178
129 182
130 5
130 76
130 141
130 149
131 78
131 139
131 173
131 187
131 195
131 259
132 89
132 104
132 148
132 245
133 6
133 276
133 278
134 63
134 201
134 206
134 214
134 254
134 271
135 61
135 106
135 188
136 3
136 55
136 227
136 243
137 12
137 51
137 91
137 98
137 167
137 280
138 20
138 120
138 156
138 214
138 271
139 2
139 34
139 49
139 131
139 187
139 248
140 44
140 109
140 150
140 178
140 236
141 21
141 76
141 130
142 52
142 70
142 93
142 170
143 176
143 296
144 65
144 193
145 122
145 164
146 26
146 40
146 270
147 28
147 33
147 97
147 203
148 17
148 37
148 89
148 132
148 245
149 21
149 68
149 130
149 307
150 44
150 140
150 190
150 236
151 117
151 124
151 157
151 213
151 275
151 287
152 7
152 29
152 222
152 301
152 314
153 123
153 163
153 221
154 13
154 24
154 162
154 241
155 89
155 127
155 291
155 299
156 17
156 108
156 138
156 214
157 53
157 117
157 151
157 247
158 168
158 211
158 223
158 242
159 19
159 111
159 123
159 165
159 167
160 27
160 208
161 19
161 107
161 123
161 219
161 253
162 13
162 154
162 171
162 183
162 241
162 295
162 304
163 65
163 123
163 153
163 165
164 86
164 122
164 145
164 180
164 223
165 60
165 65
165 111
165 123
165 159
165 163
166 45
166 59
166 87
166 108
166 237
166 311
167 19
167 51
167 111
167 137
167 159
168 49
168 158
168 211
168 223
169 124
169 196
169 221
169 275
170 93
170 142
171 4
171 13
171 162
171 183
172 116
172 175
173 49
173 78
173 86
173 131
173 259
174 3
174 189
174 207
174 256
175 39
175 67
175 85
175 172
176 97
176 143
176 226
176 296
177 70
177 93
177 300
178 44
178 109
178 129
178 140
178 182
179 93
180 61
180 164
180 191
180 242
181 12
181 202
181 266
181 302
182 62
182 129
182 178
183 4
183 162
183 171
183 188
183 304
183 308
184 90
184 117
184 213
184 249
184 262
185 218
185 264
186 194
186 198
187 49
187 131
187 139
187 259
188 106
188 135
188 183
188 285
188 308
189 3
189 174
189 256
190 40
190 150
190 265
191 61
191 180
191 242
191 285
191 294
192 109
192 217
193 124
193 144
193 234
193 258
194 6
194 77
194 186
194 198
194 292
195 78
195 92
195 131
195 204
196 107
196 169
196 209
196 219
196 221
196 238
196 275
196 287
197 88
197 100
197 205
197 278
198 8
198 77
198 110
198 186
198 194
198 309
199 82
199 206
199 214
199 268
200 99
200 105
200 263
200 282
201 134
201 231
201 254
202 12
202 98
202 181
203 33
203 47
203 99
203 147
204 75
204 121
204 195
205 197
205 276
205 278
206 134
206 199
206 214
207 174
208 27
208 41
208 126
208 160
208 257
208 305
209 53
209 196
209 238
209 269
209 287
210 25
210 28
210 50
210 97
210 114
210 306
211 2
211 158
211 168
212 42
212 118
213 117
213 124
213 151
213 184
213 258
214 134
214 138
214 156
214 199
214 206
214 268
214 271
215 239
215 251
215 289
215 297
215 313
216 60
216 98
216 302
217 105
217 192
217 220
218 30
218 32
218 37
218 185
219 107
219 161
219 196
219 238
219 279
220 43
220 105
220 217
221 107
221 153
221 169
221 196
222 152
222 279
223 49
223 86
223 158
223 164
223 168
224 90
224 117
224 247
224 284
225 45
225 59
225 89
225 261
225 299
226 31
226 114
226 176
226 235
226 296
226 306
227 55
227 136
228 2
228 116
228 242
228 294
230 73
230 90
230 274
230 284
231 57
231 201
231 254
232 0
232 43
232 56
233 47
233 56
233 99
234 193
234 249
234 258
235 31
235 226
235 296
236 140
236 150
237 87
237 126
237 166
237 257
237 311
238 196
238 209
238 219
239 35
239 102
239 215
239 269
239 313
240 99
240 290
241 154
241 162
241 295
242 158
242 180
242 191
242 228
242 294
243 3
243 136
244 115
244 252
244 305
245 104
245 132
245 148
246 63
246 272
247 53
247 79
247 117
247 157
247 224
248 34
248 69
248 139
249 184
249 234
250 71
250 115
250 305
251 215
251 255
251 289
252 108
252 244
253 161
253 279
254 57
254 134
254 201
254 231
254 286
255 10
255 251
255 260
255 289
256 174
256 189
257 126
257 208
257 237
257 305
258 124
258 193
258 213
258 234
259 49
259 131
259 173
259 187
260 101
260 102
260 255
260 289
261 55
261 127
261 225
261 299
262 90
262 184
263 105
263 200
264 104
264 185
265 40
265 110
265 190
265 309
266 12
266 39
266 181
267 95
267 274
268 199
268 214
269 53
269 209
269 239
269 297
270 26
270 146
271 120
271 134
271 138
271 214
271 286
272 63
272 64
272 246
272 293
273 22
273 281
274 95
274 230
274 267
274 284
275 151
275 169
275 196
275 287
276 133
276 205
276 278
277 73
277 90
278 133
278 197
278 205
278 276
279 219
279 222
279 253
280 98
280 111
280 137
281 22
281 73
281 273
282 99
282 200
282 290
282 312
283 44
283 72
284 90
284 95
284 224
284 230
284 274
285 188
285 191
285 308
286 57
286 120
286 254
286 271
287 151
287 196
287 209
287 275
288 52
289 102
289 215
289 251
289 255
289 260
289 313
290 99
290 240
290 282
290 312
291 58
291 127
291 155
292 6
292 36
292 194
293 80
293 272
294 191
294 228
294 242
295 162
295 241
295 304
296 143
296 176
296 226
296 235
297 215
297 269
297 301
298 52
299 89
299 155
299 225
299 261
300 177
301 152
301 297
301 314
302 181
302 216
303 307
304 162
304 183
304 295
304 308
305 115
305 208
305 244
305 250
305 257
306 114
306 210
306 226
307 68
307 149
307 303
308 183
308 188
308 285
308 304
309 110
309 198
309 265
310 39
310 67
311 108
311 166
311 237
312 282
312 290
313 102
313 215
313 239
313 289
314 152
314 301
