5 1393 71 -128.883
6 108 514 -73.8943
7 416 438 -174.456
9 1516 157 -290.614
10 229 429 -180.826
11 664 475 -230.636
12 852 98 -347.899
16 655 370 -175.453
17 1405 530 -330.005
18 615 441 -349.068
19 627 268 -87.9717
22 52 86 -72.1515
23 861 261 -72.2818
24 1205 30 -76.5758
27 1417 189 -325.285
28 769 593 -339.769
29 359 434 -349.463
30 1272 718 -210.989
32 1288 686 -144.935
33 709 560 -201.654
34 866 341 -355.84
35 227 258 -272.343
36 184 450 -32.9387
37 1362 665 -158.446
38 44 620 -302.125
39 966 39 -355.134
40 137 643 -126.267
46 973 650 -118.232
47 663 594 -135.205
48 1569 416 -320.806
49 1018 380 -4.56168
50 897 570 -321.219
51 740 252 -298.691
52 1641 158 -55.3863
53 305 190 -304.721
56 579 578 -53.1432
58 1556 674 -124.424
59 1467 512 -153.973
66 41 515 -234.633
67 1076 34 -152.459
68 1627 83 -70.9784
69 811 446 -23.8775
70 1597 258 -52.7584
71 1335 282 -255.307
72 330 553 -221.506
73 130 41 -159.761
74 766 396 -75.4394
75 865 512 -232.343
77 232 512 -183.138
78 1039 525 -118.901
79 238 178 -51.8398
80 1077 671 -52.996
81 77 217 -303.318
82 1232 389 -305.757
83 1329 26 -147.521
84 39 172 -297.964
85 964 124 -81.1733
86 1098 432 -34.045
87 1528 359 -216.671
88 67 327 -127.241
89 1471 580 -277.392
90 232 36 -144.884
91 806 210 -1.59959
92 998 551 -328.377
93 1676 292 -311.133
94 1165 682 -241.764
95 210 174 -162.513
96 776 316 -107.588
97 806 651 -96.2483
98 780 83 -112.009
99 644 678 -58.3238
100 34 262 -91.4139
101 203 341 -246.042
102 214 312 -223.182
103 863 189 -303.577
104 1486 736 -249.386
105 539 711 -182.703
106 1276 281 -331.41
107 506 187 -333.458
108 1427 434 -236.054
109 389 738 -243.324
110 258 648 -287.765
111 706 97 -77.9325
112 206 364 -143.196
113 1317 286 -44.2199
114 896 667 -198.858
115 1339 339 -170.317
116 1060 200 -217.141
117 308 92 -279.675
118 1059 737 -196.402
119 749 363 -266.698
130 1504 17 -192.735
136 1668 526 -71.2415
137 766 166 -54.8603
138 1317 536 -36.3572
139 918 367 -272.577
140 313 733 -303.838
141 1516 63 -54.2229
142 1647 200 -292.222
143 786 744 -90.9554
144 501 38 -349.114
145 1158 458 -89.3421
146 135 716 -26.571
147 734 653 -206.279
148 1415 652 -86.5624
149 1598 19 -285.933
150 234 736 -16.8248
152 416 347 -157.618
153 530 144 -150.915
154 1182 81 -275.876
155 1524 600 -332.396
156 1333 475 -136.485
157 332 167 -163.042
158 1070 305 -69.1087
159 646 171 -333.927
160 1418 253 -281.462
161 538 249 -186.243
163 582 108 -150.987
164 1125 364 -247.45
165 633 99 -320.823
166 1464 421 -231.019
167 697 175 -177.964
168 1015 338 -260.561
169 426 125 -205.426
170 1679 195 -244.747
171 1248 143 -172.574
172 1056 142 -324.954
173 1040 435 -225.172
174 1625 748 -106.516
175 1044 90 -2.79852
176 817 695 -294.297
177 1622 272 -130.36
178 359 672 -142.841
179 1671 349 -227.022
180 1148 304 -77.0582
181 845 23 -25.7219
182 414 633 -47.4209
183 1233 195 -313.437
184 321 37 -158.408
185 1374 746 -49.2078
186 159 593 -207.778
187 979 401 -125.312
188 1223 235 -163.427
189 1672 695 -273.93
190 205 733 -174.825
191 1149 251 -127.386
192 482 762 -270.025
193 437 42 -183.073
194 158 543 -354.722
195 965 511 -335.675
196 426 189 -301.857
197 17 355 -139.039
198 211 584 -23.9037
199 1236 432 -28.2686
200 580 736 -155.512
201 1175 549 -32.9775
202 825 48 -161.441
203 701 652 -310.318
204 938 512 -86.3286
207 1587 752 -219.853
208 1447 280 -246.878
209 368 242 -33.7094
210 838 623 -237.171
211 1042 289 -134.647
212 1108 742 -181.063
216 745 22 -267.392
217 480 739 -228.27
218 1362 737 -73.4297
219 475 241 -256.412
220 488 707 -25.5155
221 477 149 -273.655
222 445 332 -93.3055
223 1085 339 -4.60225
224 259 81 -24.7561
225 1530 514 -275.438
226 867 695 -126.568
227 1648 478 -152.85
228 1075 233 -113.685
229 1622 348 -90.5164
230 170 67 -204.527
231 1156 595 -228.89
232 557 642 -5.01963
233 623 622 -128.589
234 432 17 -188.386
235 885 749 -289.71
236 246 747 -241.863
237 1460 366 -287.696
238 423 250 -75.5475
239 284 273 -150.701
240 676 729 -333.076
241 1125 104 -327.11
242 1091 287 -107.187
243 1685 572 -138.417
244 1376 361 -269.517
245 1442 671 -38.0169
246 1120 557 -242.228
247 284 117 -313.772
256 1678 737 -103.739
257 1449 333 -280.697
258 393 60 -96.2704
259 1008 414 -328.103
260 232 342 -151.788
272 1094 586 -214.777
275 405 145 -175.101
276 50 459 -152.765
277 160 16 -336.762
278 57 402 -233.142
279 477 297 -239.426
280 747 136 -259.598
281 120 102 -104.06
282 612 746 -152.492
285 1172 242 -115.01
286 1237 576 -359.985
287 382 195 -257.651
288 1683 147 -316.887
293 1109 616 -110.701
294 1104 238 -222.576
295 1150 151 -154.265
296 849 753 -336.06
297 331 288 -32.1803
298 1692 100 -257.574
300 1627 327 -152.725
301 361 322 -6.77631
302 783 19 -286.838
303 1687 20 -6.17027
304 1176 177 -162.409
305 1406 332 -11.6779
306 859 636 -108.473
307 1652 12 -266.467
